35.000000	33.000000	33.000000	33.000000	33.000000	33.000000	33.000000	33.000000	33.000000	33.000000	33.000000	33.000000	33.000000	33.000000	33.000000	33.000000	33.000000	33.000000	33.000000	33.000000	33.000000	33.000000	33.000000	33.000000	33.000000	33.000000	33.000000	33.000000	33.000000	33.000000	33.000000	33.000000	
33.000000	32.000000	32.000000	32.000000	32.000000	32.000000	32.000000	32.000000	32.000000	32.000000	32.000000	32.000000	32.000000	32.000000	32.000000	32.000000	32.000000	32.000000	32.000000	32.000000	32.000000	32.000000	32.000000	32.000000	32.000000	32.000000	32.000000	32.000000	32.000000	32.000000	32.000000	32.000000	
33.000000	32.000000	32.000000	32.000000	32.000000	32.000000	32.000000	32.000000	32.000000	32.000000	32.000000	32.000000	32.000000	32.000000	32.000000	32.000000	32.000000	32.000000	32.000000	32.000000	32.000000	32.000000	32.000000	32.000000	32.000000	32.000000	32.000000	32.000000	32.000000	32.000000	32.000000	32.000000	
33.000000	32.000000	32.000000	32.000000	32.000000	32.000000	32.000000	32.000000	32.000000	32.000000	32.000000	32.000000	32.000000	32.000000	32.000000	32.000000	32.000000	32.000000	32.000000	32.000000	32.000000	32.000000	32.000000	32.000000	32.000000	32.000000	32.000000	32.000000	32.000000	32.000000	32.000000	32.000000	
33.000000	32.000000	32.000000	32.000000	32.000000	32.000000	32.000000	32.000000	32.000000	32.000000	32.000000	32.000000	32.000000	32.000000	32.000000	32.000000	32.000000	32.000000	32.000000	32.000000	32.000000	32.000000	32.000000	32.000000	32.000000	32.000000	32.000000	32.000000	32.000000	32.000000	32.000000	32.000000	
33.000000	32.000000	32.000000	32.000000	32.000000	32.000000	32.000000	32.000000	32.000000	32.000000	32.000000	32.000000	32.000000	32.000000	32.000000	32.000000	32.000000	32.000000	32.000000	32.000000	32.000000	32.000000	32.000000	32.000000	32.000000	32.000000	32.000000	32.000000	32.000000	32.000000	32.000000	32.000000	
33.000000	32.000000	32.000000	32.000000	32.000000	32.000000	32.000000	32.000000	32.000000	32.000000	32.000000	32.000000	32.000000	32.000000	32.000000	32.000000	32.000000	32.000000	32.000000	32.000000	32.000000	32.000000	32.000000	32.000000	32.000000	32.000000	32.000000	32.000000	32.000000	32.000000	32.000000	32.000000	
33.000000	32.000000	32.000000	32.000000	32.000000	32.000000	32.000000	32.000000	32.000000	32.000000	32.000000	32.000000	32.000000	32.000000	32.000000	32.000000	32.000000	32.000000	32.000000	32.000000	32.000000	32.000000	32.000000	32.000000	32.000000	32.000000	32.000000	32.000000	32.000000	32.000000	32.000000	32.000000	
33.000000	32.000000	32.000000	32.000000	32.000000	32.000000	32.000000	32.000000	32.000000	32.000000	32.000000	32.000000	32.000000	32.000000	32.000000	32.000000	32.000000	32.000000	32.000000	32.000000	32.000000	32.000000	32.000000	32.000000	32.000000	32.000000	32.000000	32.000000	32.000000	32.000000	32.000000	32.000000	
33.000000	32.000000	32.000000	32.000000	32.000000	32.000000	32.000000	32.000000	32.000000	32.000000	32.000000	32.000000	32.000000	32.000000	32.000000	32.000000	32.000000	32.000000	32.000000	32.000000	32.000000	32.000000	32.000000	32.000000	32.000000	32.000000	32.000000	32.000000	32.000000	32.000000	32.000000	32.000000	
33.000000	32.000000	32.000000	32.000000	32.000000	32.000000	32.000000	32.000000	32.000000	32.000000	32.000000	32.000000	32.000000	32.000000	32.000000	32.000000	32.000000	32.000000	32.000000	32.000000	32.000000	32.000000	32.000000	32.000000	32.000000	32.000000	32.000000	32.000000	32.000000	32.000000	32.000000	32.000000	
33.000000	32.000000	32.000000	32.000000	32.000000	32.000000	32.000000	32.000000	32.000000	32.000000	32.000000	32.000000	32.000000	32.000000	32.000000	32.000000	32.000000	32.000000	32.000000	32.000000	32.000000	32.000000	32.000000	32.000000	32.000000	32.000000	32.000000	32.000000	32.000000	32.000000	32.000000	32.000000	
33.000000	32.000000	32.000000	32.000000	32.000000	32.000000	32.000000	32.000000	32.000000	32.000000	32.000000	32.000000	32.000000	32.000000	32.000000	32.000000	32.000000	32.000000	32.000000	32.000000	32.000000	32.000000	32.000000	32.000000	32.000000	32.000000	32.000000	32.000000	32.000000	32.000000	32.000000	32.000000	
33.000000	32.000000	32.000000	32.000000	32.000000	32.000000	32.000000	32.000000	32.000000	32.000000	32.000000	32.000000	32.000000	32.000000	32.000000	32.000000	32.000000	32.000000	32.000000	32.000000	32.000000	32.000000	32.000000	32.000000	32.000000	32.000000	32.000000	32.000000	32.000000	32.000000	32.000000	32.000000	
33.000000	32.000000	32.000000	32.000000	32.000000	32.000000	32.000000	32.000000	32.000000	32.000000	32.000000	32.000000	32.000000	32.000000	32.000000	32.000000	32.000000	32.000000	32.000000	32.000000	32.000000	32.000000	32.000000	32.000000	32.000000	32.000000	32.000000	32.000000	32.000000	32.000000	32.000000	32.000000	
33.000000	32.000000	32.000000	32.000000	32.000000	32.000000	32.000000	32.000000	32.000000	32.000000	32.000000	32.000000	32.000000	32.000000	32.000000	32.000000	32.000000	32.000000	32.000000	32.000000	32.000000	32.000000	32.000000	32.000000	32.000000	32.000000	32.000000	32.000000	32.000000	32.000000	32.000000	32.000000	
33.000000	32.000000	32.000000	32.000000	32.000000	32.000000	32.000000	32.000000	32.000000	32.000000	32.000000	32.000000	32.000000	32.000000	32.000000	32.000000	32.000000	32.000000	32.000000	32.000000	32.000000	32.000000	32.000000	32.000000	32.000000	32.000000	32.000000	32.000000	32.000000	32.000000	32.000000	32.000000	
33.000000	32.000000	32.000000	32.000000	32.000000	32.000000	32.000000	32.000000	32.000000	32.000000	32.000000	32.000000	32.000000	32.000000	32.000000	32.000000	32.000000	32.000000	32.000000	32.000000	32.000000	32.000000	32.000000	32.000000	32.000000	32.000000	32.000000	32.000000	32.000000	32.000000	32.000000	32.000000	
33.000000	32.000000	32.000000	32.000000	32.000000	32.000000	32.000000	32.000000	32.000000	32.000000	32.000000	32.000000	32.000000	32.000000	32.000000	32.000000	32.000000	32.000000	32.000000	32.000000	32.000000	32.000000	32.000000	32.000000	32.000000	32.000000	32.000000	32.000000	32.000000	32.000000	32.000000	32.000000	
33.000000	32.000000	32.000000	32.000000	32.000000	32.000000	32.000000	32.000000	32.000000	32.000000	32.000000	32.000000	32.000000	32.000000	32.000000	32.000000	32.000000	32.000000	32.000000	32.000000	32.000000	32.000000	32.000000	32.000000	32.000000	32.000000	32.000000	32.000000	32.000000	32.000000	32.000000	32.000000	
33.000000	32.000000	32.000000	32.000000	32.000000	32.000000	32.000000	32.000000	32.000000	32.000000	32.000000	32.000000	32.000000	32.000000	32.000000	32.000000	32.000000	32.000000	32.000000	32.000000	32.000000	32.000000	32.000000	32.000000	32.000000	32.000000	32.000000	32.000000	32.000000	32.000000	32.000000	32.000000	
33.000000	32.000000	32.000000	32.000000	32.000000	32.000000	32.000000	32.000000	32.000000	32.000000	32.000000	32.000000	32.000000	32.000000	32.000000	32.000000	32.000000	32.000000	32.000000	32.000000	32.000000	32.000000	32.000000	32.000000	32.000000	32.000000	32.000000	32.000000	32.000000	32.000000	32.000000	32.000000	
33.000000	32.000000	32.000000	32.000000	32.000000	32.000000	32.000000	32.000000	32.000000	32.000000	32.000000	32.000000	32.000000	32.000000	32.000000	32.000000	32.000000	32.000000	32.000000	32.000000	32.000000	32.000000	32.000000	32.000000	32.000000	32.000000	32.000000	32.000000	32.000000	32.000000	32.000000	32.000000	
33.000000	32.000000	32.000000	32.000000	32.000000	32.000000	32.000000	32.000000	32.000000	32.000000	32.000000	32.000000	32.000000	32.000000	32.000000	32.000000	32.000000	32.000000	32.000000	32.000000	32.000000	32.000000	32.000000	32.000000	32.000000	32.000000	32.000000	32.000000	32.000000	32.000000	32.000000	32.000000	
33.000000	32.000000	32.000000	32.000000	32.000000	32.000000	32.000000	32.000000	32.000000	32.000000	32.000000	32.000000	32.000000	32.000000	32.000000	32.000000	32.000000	32.000000	32.000000	32.000000	32.000000	32.000000	32.000000	32.000000	32.000000	32.000000	32.000000	32.000000	32.000000	32.000000	32.000000	32.000000	
33.000000	32.000000	32.000000	32.000000	32.000000	32.000000	32.000000	32.000000	32.000000	32.000000	32.000000	32.000000	32.000000	32.000000	32.000000	32.000000	32.000000	32.000000	32.000000	32.000000	32.000000	32.000000	32.000000	32.000000	32.000000	32.000000	32.000000	32.000000	32.000000	32.000000	32.000000	32.000000	
33.000000	32.000000	32.000000	32.000000	32.000000	32.000000	32.000000	32.000000	32.000000	32.000000	32.000000	32.000000	32.000000	32.000000	32.000000	32.000000	32.000000	32.000000	32.000000	32.000000	32.000000	32.000000	32.000000	32.000000	32.000000	32.000000	32.000000	32.000000	32.000000	32.000000	32.000000	32.000000	
33.000000	32.000000	32.000000	32.000000	32.000000	32.000000	32.000000	32.000000	32.000000	32.000000	32.000000	32.000000	32.000000	32.000000	32.000000	32.000000	32.000000	32.000000	32.000000	32.000000	32.000000	32.000000	32.000000	32.000000	32.000000	32.000000	32.000000	32.000000	32.000000	32.000000	32.000000	32.000000	
33.000000	32.000000	32.000000	32.000000	32.000000	32.000000	32.000000	32.000000	32.000000	32.000000	32.000000	32.000000	32.000000	32.000000	32.000000	32.000000	32.000000	32.000000	32.000000	32.000000	32.000000	32.000000	32.000000	32.000000	32.000000	32.000000	32.000000	32.000000	32.000000	32.000000	32.000000	32.000000	
33.000000	32.000000	32.000000	32.000000	32.000000	32.000000	32.000000	32.000000	32.000000	32.000000	32.000000	32.000000	32.000000	32.000000	32.000000	32.000000	32.000000	32.000000	32.000000	32.000000	32.000000	32.000000	32.000000	32.000000	32.000000	32.000000	32.000000	32.000000	32.000000	32.000000	32.000000	32.000000	
33.000000	32.000000	32.000000	32.000000	32.000000	32.000000	32.000000	32.000000	32.000000	32.000000	32.000000	32.000000	32.000000	32.000000	32.000000	32.000000	32.000000	32.000000	32.000000	32.000000	32.000000	32.000000	32.000000	32.000000	32.000000	32.000000	32.000000	32.000000	32.000000	32.000000	32.000000	32.000000	
33.000000	32.000000	32.000000	32.000000	32.000000	32.000000	32.000000	32.000000	32.000000	32.000000	32.000000	32.000000	32.000000	32.000000	32.000000	32.000000	32.000000	32.000000	32.000000	32.000000	32.000000	32.000000	32.000000	32.000000	32.000000	32.000000	32.000000	32.000000	32.000000	32.000000	32.000000	32.000000	
